1.584343497731807656e+04
2.049912569585507299e+04
1.531206973318445671e+04
1.414087391041812589e+04
1.316086245414589939e+04
1.659364013984702251e+04
1.149323127529968224e+04
1.655195811194381577e+02
1.701252505157171981e+04
1.811572853685345035e+04
2.127102311164951243e+04
1.726108144058339167e+04
1.445718930635605284e+04
2.005039614567526951e+04
1.815071997221585480e+04
2.409513960655038682e+04
2.532231161893565150e+04
1.047134046616020532e+04
2.189690744200851259e+04
1.820595706154718937e+04
1.377227102060917059e+04
2.036836542877029569e+04
1.914954863651614505e+04
1.856299321805060026e+04
3.219190674035268603e+04
4.589334858216728026e+04
1.437723839804116324e+04
3.360498905144055607e+04
1.545707581144379765e+04
1.455198956874981377e+04
9.579266842727687617e+03
1.355304537311095555e+04
1.813141149383772790e+04
2.079464991116148303e+04
-2.911161726596310828e+01
1.529201544894302788e+04
1.292108372524029073e+04
9.450087617383511315e+03
1.469377611374498883e+04
1.497162580715707008e+04
1.069437042581314017e+04
3.416154250160882657e+04
1.550956251719787178e+04
1.340339158535330898e+04
2.562648234098883040e+04
1.568277024882862315e+04
1.429811338135587539e+04
1.067485761051239206e+04
1.549374366846528028e+04
1.132424359906907921e+04
1.456799997611927029e+04
1.515154564049206783e+04
2.155529305337919868e+04
3.243038970784995399e+04
1.713950820731425847e+04
6.597346345524239950e+03
1.451007073080862756e+04
1.580223398195292975e+04
2.988318054408171520e+04
3.599495395246892440e+04
5.700896295487146745e+03
1.354618106426096347e+04
2.297724033094258266e+04
1.003886457352800608e+04
1.655740386145471712e+04
1.819589014085417148e+04
1.435388736703932591e+04
1.327171879672504838e+04
1.109527879969227433e+04
1.336705188094041841e+04
4.659708308707929973e+04
2.180606233877182240e+04
2.490339646433414237e+04
1.057338683715759907e+04
1.732249566719530048e+04
2.153958886585329674e+04
1.528451401924754464e+04
6.692015102181062684e+04
1.539108710908788635e+04
1.635230967301384044e+04
1.208202703024188668e+04
1.540351914791440322e+04
1.919453647669520069e+04
1.724690685279403988e+04
1.738965041417254906e+04
2.028833213126084593e+04
3.544415097817523201e+04
1.899290259930706452e+04
1.855303273569258454e+04
2.052421037565017104e+04
1.626945432972537492e+04
1.526416164793879216e+04
4.628512855063380266e+04
1.393090533328692254e+04
1.457231846647333987e+04
2.869011568398826785e+04
1.326532494378260890e+04
9.101427240586966946e+03
1.545095614201392709e+04
1.748813374918249247e+04
1.576371982936992572e+04
1.482437161431734785e+04
2.204229601397160150e+04
1.664956595277881206e+04
-1.486419993080093604e+01
1.820274549764979020e+04
4.625104926076225092e+04
-1.511412198108590843e+00
2.078171104602728519e+04
5.114966595572976075e+04
1.340451234593810295e+04
1.447831064440924274e+04
1.920928990308370339e+04
1.641915360407601838e+04
1.418635191587298323e+04
1.506122871698459676e+04
2.120756541518698577e+04
1.579895579771525627e+04
1.370529160087496712e+04
3.230581571310335494e+04
2.013531774175328974e+04
1.255579628279142344e+04
1.875738705551434032e+04
1.959249380012297479e+04
3.400984388580873201e+04
8.611056240263419750e+04
1.437838641002413715e+04
6.845998156642654794e+04
1.293305263127056060e+04
2.021906659125243948e+02
1.016751744814711128e+04
1.470374860347764661e+04
1.322147204340184544e+04
5.532587195427781262e+04
1.429114866551342129e+04
1.673301136422316995e+04
1.954619886801949542e+04
5.074527947590061376e+04
1.625054947846043615e+04
1.234259115342444602e+04
5.438535682134296076e+04
5.184584581383600010e+00
1.418416759884841849e+04
1.598552858995634597e+04
1.894816986411677249e+02
5.099428733849358832e+04
2.653312146350216790e+04
1.597218785300174568e+04
1.541435581646834544e+04
1.481316733858371663e+04
1.470557333736260262e+04
3.195060203504161473e+04
1.621018399827464418e+04
2.114096154068725809e+04
1.056565175865183119e+04
1.340286174244902031e+04
1.947320829145309472e+04
1.451235245673983809e+04
1.024773539712700403e+04
6.531601779735492386e+00
2.245325817063330396e+04
1.970090396695092204e+04
1.347302401648396881e+04
1.120137631039357257e+04
1.514339264596232351e+04
2.287671917473375652e+04
1.147097637480752746e+04
1.284466382883611368e+04
1.355366631884034541e+04
1.371524439543689186e+04
1.780475719753265730e+04
9.445018456671001331e+03
1.720645384669163832e+04
2.183200199476235503e+04
2.022533882963990982e+04
1.643948985352523960e+04
1.731927656736518475e+04
5.046125234399273904e+04
1.296896323843166465e+04
6.549089327630943444e+04
1.222399332087752009e+04
2.527601469094778076e+04
2.061468396119132012e+04
8.418906558062175463e+03
1.477140450794355093e+04
1.429173955912012389e+04
1.171517138900593272e+04
4.629022594332027074e+04
1.486624303370401685e+04
1.510970620366910771e+04
1.610163700367175079e+04
1.547704628960280752e+04
2.229444887568270497e+04
1.573122769739904652e+04
1.575127260351843688e+04
1.627396959223464182e+04
2.164685913745317885e+04
1.456019409846854614e+04
1.455013720638570157e+04
1.975836185683809526e+04
1.174053492326281048e+04
1.021595768138734638e+04
3.728992662313125493e+03
2.095242542278680048e+04
1.810122001260192337e+04
1.937656950717159270e+04
1.320686904519327436e+04
1.444437940129121125e+04
2.008695844178062544e+04
1.519988582187781503e+04
1.845055912225883731e+04
-3.430012799532797629e+01
1.405810192604890108e+04
6.354769929283259444e+03
1.310432205834257911e+04
1.478505517959470490e+04
2.081683325980597147e+04
1.658469378647860140e+04
2.059416814655719281e+04
2.979481283905864984e+04
1.437901448812226590e+04
1.535835236252056166e+04
1.663416414432143574e+04
8.634150970850516387e+03
1.735704017852474499e+04
1.609418199066560919e+04
4.617421311692710879e+04
9.396086188826899161e+03
3.037668589924530534e+04
1.543499779041197689e+04
2.652277644773722932e+04
8.162015520655566070e+04
5.151197474261661409e+04
2.186129383192926252e+04
5.100206383998625097e+04
6.827209225354054070e+03
1.836345006061233289e+04
1.581486379958499128e+04
1.041935035949013036e+04
1.405648885095648075e+04
3.608821226353239763e+04
5.332450043592787551e+04
1.670085744287380658e+04
1.766237538449791828e+04
1.217589346959670911e+04
5.471786691070676170e+04
1.319905170502532565e+04
2.145403201187787636e+04
1.569560558363829296e+04
9.188494094201331609e+04
2.245384249318663569e+04
1.873590114601810797e+02
1.218162795942344565e+04
1.949043160189062110e+04
3.176444264875924637e+04
1.442869796965239220e+04
2.196237622884943994e+04
1.003874802395667757e+04
1.307954626903444841e+04
8.300731616319228124e+03
2.171275279210583176e+04
1.970024879033667276e+02
1.530480715558041447e+04
1.470974435600376819e+04
1.609995959314310130e+04
1.680577716052793767e+04
1.580026834965572561e+04
3.779101456848275848e+04
1.425691140631260714e+04
4.600839543160023459e+04
4.652800341836409643e+04
1.327352827348161554e+04
1.545103950186712427e+04
2.018654792835305852e+04
1.241571315438590682e+04
2.966740908571929685e+04
1.640336947481774041e+04
8.955668314989404462e+04
2.391699188495166891e+04
1.257386602912804119e+04
1.571578457529800653e+04
-1.674412718334471961e+01
1.297733668124239011e+04
2.116395759674593864e+04
1.545412395819166886e+04
1.059306589251812693e+04
1.891802223211844466e+04
1.485415104499249355e+04
4.644867354955842893e+04
1.422750753249710033e+04
9.557084153227219940e+04
1.668215192809314613e+04
2.142415335717461130e+04
2.037621012536087073e+04
1.748849880690123973e+04
1.641626657384338614e+04
2.980837446001287026e+04
3.341306098972432665e+04
1.436003061307865391e+04
1.166850250245701500e+04
1.977012723688502228e+04
1.466865404561105424e+04
2.182544233878521482e+04
1.641697790801171141e+04
1.466710411990065768e+04
1.965214593885288537e+02
1.421914908138501050e+04
2.307344379687328183e+04
2.671482248456521120e+04
1.849113863386452795e+04
3.897123146167192317e+04
1.858001918171210127e+04
4.673550246065024839e+04
1.818898907008946480e+04
1.228327663233721796e+04
1.427596970080201572e+04
1.612337768565510487e+04
2.181667995784809318e+04
1.263478044426198539e+04
5.490343133583127928e+04
4.928085185878009361e+04
1.237696827775039856e+04
2.039110141383684095e+04
3.204991408298276292e+04
3.013309668643274199e+04
2.231629853151113275e+04
1.627757970140132056e+04
1.633239012970784287e+01
1.099086054097896340e+04
1.628418705492328809e+04
1.230750058194586018e+04
9.232601822019847532e+03
1.628886180914813667e+04
1.351639441702081785e+04
1.038499675316949833e+04
1.443944393958291766e+04
2.135757601303530828e+04
4.663944453185245220e+04
2.395974692471548406e+04
2.272370055965317806e+04
1.741260586340940063e+04
1.910760450792566917e+04
2.323705941926708692e+04
1.423225905702947057e+04
1.427608282057511678e+04
1.729777523007983109e+04
2.160398972869097270e+04
1.602271640580436724e+04
1.977777431242501552e+04
1.641832746766221680e+04
1.791286910437972256e+04
1.524490549261609522e+04
1.275818219026771476e+04
1.604780617488498501e+04
1.380771624455799974e+04
1.504114024640552634e+04
1.735853889399515538e+04
2.054018599774035101e+04
7.001747345783154014e+04
1.326906951581873000e+04
1.154912026607236658e+04
2.938819728597504582e+04
1.526342669803073295e+04
1.420169076660315477e+04
7.192899969737435458e+04
1.656811741475130475e+04
1.244442470064368172e+04
1.450395165711190020e+04
1.988984024471809971e+04
8.771287717696069740e+04
1.972748705404869906e+04
1.001651427321968058e+01
5.860625068954179369e+03
1.093098729539621490e+04
1.213477793033692615e+04
1.583535414474884419e+04
1.523847206771785750e+04
1.154972429118061518e+04
1.664456880607968196e+04
1.831822912953436753e+04
4.661636993641106528e+04
1.801400355921500886e+04
1.442456551944741295e+04
2.070369465471542571e+04
1.322875452740449691e+04
1.309503781778951452e+04
5.471175634784239082e+04
2.247425334026820565e+04
1.314033042468201347e+04
1.267598223047601823e+04
1.337552716779289767e+04
1.839680704859006073e+04
1.309123397923242555e+04
2.125567252015775739e+04
1.924454135609259902e+04
3.362877132900623110e+04
1.041832164303308309e+04
1.657500184747735693e+04
9.134195026169014454e+03
2.474039218847241500e+04
1.441066148258095382e+04
1.261617658297019443e+04
1.453101580383345390e+04
1.558103404418761602e+04
2.225088930889446056e+04
1.246630942512260663e+04
1.266360558847334141e+04
1.733492144443148936e+04
3.037329820492281942e+04
1.246042271062509644e+04
1.597577629234424603e+04
1.601391645406226235e+04
1.248456391520070792e+04
1.379841699960385995e+04
1.731733572333139819e+04
1.876902086186927772e+04
1.818476273944428613e+04
3.530159599369670468e+04
2.496856419092760916e+04
4.630790138685522106e+04
1.505956728986921735e+04
2.146155165443062288e+04
1.539272642711521257e+04
3.008993276416095614e+04
7.931502119834435689e+03
1.563958497704414003e+04
8.367707037822721759e+03
1.508214887702680971e+04
1.488845702041212644e+04
3.762990224836592824e+04
1.299493470648556104e+04
2.288803442780148180e+04
2.118575268951195176e+04
1.186456619429117745e+04
1.727254088096876512e+04
1.975638192205319137e+04
4.839592889820248092e+04
5.807813317321060458e+04
5.363605854273369999e+01
5.053808273723837920e+04
2.885862289316339229e+04
1.458882724959900770e+04
1.409692366483884325e+04
2.263441504761945544e+04
3.265461948332161410e+04
3.962014843172839028e+04
1.603371282369829896e+04
3.612651745147450856e+04
1.805959651372903318e+04
1.026537650734359158e+04
3.934522710130663472e+04
1.619459921285876044e+04
4.519247600585894543e+04
2.190199551473447718e+04
1.522005153856166180e+04
2.179618536866514478e+04
1.308489725516788349e+04
2.004201156080900182e+04
1.836993996934474853e+04
1.707441197982252925e+04
1.495334357399843611e+04
9.690497574495162553e+03
1.011652106407428619e+04
1.625937648291347614e+04
1.437633496388174535e+04
2.550767441280372441e+04
1.637608172357878357e+04
1.821339728157663558e+04
1.473207910273413472e+04
1.652726195691333487e+04
1.540129635414099903e+04
1.534297904948387259e+04
1.302219505497377577e+04
1.423387286577290070e+04
1.322035433887905674e+04
1.051519592854661096e+04
1.675951521732498804e+04
1.516424017497607929e+04
1.798364604949628119e+04
3.077774749488910675e+04
1.758931863269514361e+04
1.927459128526857239e+04
1.614552474390897078e+04
1.437289476326180193e+04
1.151697112944374931e+04
2.970338346223056578e+04
1.803713922540183557e+04
2.094899046919530520e+04
1.212326204498364496e+04
1.820352643403778347e+04
1.883407840462622698e+04
1.859879489896498853e+04
2.848882616424937441e+04
1.332125272114984909e+04
1.429519828075335136e+04
9.862494936192222667e+03
1.952050066529690594e+04
1.538439004023541929e+04
2.263341724310168502e+04
1.106915010288178200e+04
1.415584407269323674e+04
1.659970747645259326e+04
1.946936842266825261e+04
1.766337879426019936e+04
9.853787787039504309e+00
2.328570613490254254e+04
1.048122001754763187e+04
5.179765134722155199e+04
1.471156537632957225e+04
1.333777366360658925e+04
2.075754360555106905e+04
2.581481828322456522e+02
1.499485564736972083e+04
1.448413473200751469e+04
3.164327518926529228e+04
3.333896487199032708e+04
1.452967598783930953e+04
1.390821282401306962e+04
1.946326121446277102e+04
1.447271936457416814e+04
2.251945065509606866e+04
3.705929792823077878e+04
1.834178994267854796e+04
1.444641615131005528e+04
1.451738690388666146e+04
1.665324540435584640e+04
1.519538258863886767e+04
2.211238720364043911e+04
1.449886638264933572e+04
1.165080195811211888e+04
1.188114596451768739e+04
1.335646800088044620e+04
2.132093244377691008e+04
1.531914756630637748e+04
1.410269459368871867e+04
2.302364855374148465e+04
1.021267302226798711e+04
2.161654748576429483e+04
1.463605682293679092e+04
3.033465304672349885e+04
1.414631146455726775e+04
1.324507209997568316e+04
9.683252282563908011e+03
1.597662454006344888e+04
2.515123441571668809e+04
5.139102574741358694e+04
1.442082022472815152e+04
1.623808958369153333e+04
1.002026920949827581e+04
2.043318362477126720e+04
1.242374538689358269e+04
8.527614191207856493e+03
9.510140445227272721e+03
3.111562783977380968e+04
1.260602077355977963e+04
1.544951837650527159e+04
1.322391900609429285e+04
1.624859106200230235e+04
1.327316044453300128e+04
8.469713528610571302e+03
9.477129488311513342e+03
1.651998991438959638e+04
2.060559709203627790e+04
1.554691218228388607e+04
3.552745667364121618e+04
1.535751278626173007e+04
1.709870992876619130e+04
1.657075272038717230e+04
1.287087979342438484e+04
1.017755982185462562e+04
7.513048695083433813e+03
2.108342236020589553e+04
1.652576316889371083e+04
2.660438433735913009e+02
1.777193435842054532e+04
2.137557549214916071e+04
1.193322609690926947e+04
1.418291856960338555e+04
1.577122911145600665e+04
2.910922030245818314e+04
2.175399048258348193e+04
1.713905147302950354e+04
1.343540890988484898e+04
1.741748378965679149e+04
1.023814919083418317e+04
1.780803214618875063e+04
1.231078878996063941e+04
2.580679191224204988e+04
4.612614157473120576e+04
1.817947257118776906e+04
1.497339775324092625e+04
1.888884101966832168e+04
2.024058205247694787e+04
1.890280775508542501e+04
2.021755672119087831e+04
1.435221336801971665e+04
1.696973769555817489e+04
1.570534202797886974e+04
1.617248132066123071e+04
1.227550284684118014e+04
1.929836557489703773e+04
3.328115120348307391e+04
1.448327525782405792e+04
1.195071839890528196e+02
1.388140784497487039e+04
1.686228115236217855e+04
1.647293803783840849e+04
1.544036477917297998e+04
1.906040726182521394e+04
1.441659127135547897e+04
2.899438186504852638e+04
1.524762074630326970e+04
2.233804503542403108e+04
2.120519692692080207e+04
2.017331336134022786e+04
1.551858562987034566e+04
2.153912810129357968e+04
-3.157085160462340667e+00
8.735210442164470442e+04
1.650412477856849000e+04
1.218415127659952486e+04
1.729757661795098102e+04
1.442786616803562720e+04
1.249939280090931607e+04
2.018345521673438270e+04
2.264417577455287392e+04
1.722775621777943525e+04
1.632635407934551768e+04
1.254450470386818233e+04
2.197700611516191566e+04
1.515943157119469106e+04
1.267639369816232102e+04
1.619212181246140062e+04
1.595202836148838833e+04
1.343304035360180023e+04
1.532725806215193734e+04
1.642329734847520513e+02
1.428356092097600413e+04
1.127661326739745709e+04
1.416985335780735841e+04
1.085542344844039775e+02
8.249806941704485507e+04
2.152627143341333431e+04
1.374553678711044449e+04
1.540379014447479130e+04
1.449033240496175495e+04
5.808627963399178043e+03
1.461660066412470951e+04
1.239878643458160695e+04
1.746351628763249755e+04
2.203972542696961318e+04
-2.428851014860163460e+01
1.620003535583083067e+04
1.538877537453034347e+04
9.378329780744061281e+03
1.814305152141099097e+04
1.850667672211689205e+04
1.442725380826672699e+04
2.249766435768883821e+04
1.813700347647316084e+04
5.931815316538409206e+03
5.525903039165506925e+03
1.408064107570379565e+04
2.110623496385948238e+04
2.546623539320909549e+04
1.335093377368479923e+04
2.897810195127025872e+04
7.132604315407025751e+03
2.142862979118993826e+04
2.078428292977399542e+04
1.568881043485556074e+04
2.029510887165658642e+04
1.433492391995572143e+04
1.940971772597067684e+04
1.159880926496504981e+04
1.886990995951852165e+04
1.130779805536987988e+04
1.623743353638693588e+04
1.540256261954702859e+04
1.976565748924367290e+04
1.620203740758735148e+04
1.052033635964778841e+04
9.441135123074853618e+04
1.742270540984869149e+04
1.722248189526655187e+04
2.105428653849289913e+04
1.634042558805536464e+04
1.223592570832545425e+04
1.099997718189595980e+04
1.225634138768624325e+04
9.525294510305288713e+04
1.340199620604086704e+04
3.612769182632798038e+04
1.371421059761270590e+04
1.187978653833501448e+04
3.189690248963410340e+04
1.446932325043902893e+04
4.663858260635433544e+04
4.286872844681708375e+04
1.648307844859016041e+04
2.309869724084160794e+02
2.671018166523579202e+04
1.366318065897108863e+04
2.063323045676880065e+04
2.094058168695359564e+04
1.041791692381728353e+04
3.551436134252633929e+04
1.568056263831024080e+04
1.283632751161359192e+04
1.830839967543368402e+04
1.034433561083947643e+04
3.106512491897272048e+04
4.625537034950649831e+04
3.827968676431370113e+04
2.153829431548077991e+04
1.749798616184748607e+04
1.680577402932760742e+04
1.415359485614760706e+04
2.145505530643259408e+04
-1.867540970277181600e+01
1.175497848235757920e+04
2.189426955715182339e+04
1.573015831065989005e+04
1.422155897912973342e+04
2.173285085964094469e+04
1.620397568832003890e+04
9.786179717871984394e+03
1.810393600417389825e+04
9.612028384456310960e+03
1.509405107940813468e+04
1.458120498964683247e+04
1.515282411705779487e+04
5.420901507281121303e+04
1.467568622194965428e+04
1.794795599955068610e+04
1.175785969926785583e+04
2.127248564609483947e+04
1.271553401838404352e+04
2.300424131234555034e+02
1.629504837832033445e+04
1.745221268014700763e+04
5.991134165581256639e+03
2.968511999321903568e+04
5.149992641693172482e+04
1.562384938216635783e+04
1.522502600377174167e+04
1.250249810748985146e+04
1.455364890268636373e+04
2.010549640490150341e+04
8.908671889482038387e+04
7.078792422108760547e+03
8.399735425483468134e+03
1.375415034897783335e+04
1.652027690296357468e+04
2.493594024247461493e+04
1.527632631483031582e+04
1.392549149601005593e+04
1.315640754464392558e+04
1.485226478024831340e+04
1.615072605298722738e+04
3.026086669994442491e+04
1.140098361561501406e+04
1.449950604549619584e+02
1.112744032050333590e+04
1.516317807884205104e+04
1.432227820500084090e+04
1.588749601072692894e+04
2.241568297184463518e+04
3.067468075535904791e+04
1.292656617378554074e+04
1.812144620382248104e+04
1.949356294846714809e+04
1.856027428376629541e+04
1.023265016726071553e+04
1.453880482810956528e+04
1.016361846796126702e+04
1.567956874951786813e+04
1.751864997000959556e+04
1.598611657252550685e+04
1.646513528320805199e+04
1.603835972162780308e+04
1.323845044605645671e+04
1.459412877392237169e+04
2.036697883288384764e+04
2.024492782382659425e+04
2.073077254937792168e+04
2.900232576560849702e+04
6.497292999472426891e+04
7.133364603454972894e+03
4.583715640967815852e+04
5.525382639465302782e+04
1.902204772516373487e+04
1.485410861939391725e+04
1.802258906343670242e+04
2.597489592091118880e+02
1.103697599266680845e+04
1.775798561159610472e+04
1.520405198037873379e+04
1.366036188406229667e+04
1.496889481665601306e+04
1.389463580426283443e+04
1.455889390686843581e+04
2.183382027139402999e+04
1.333036037567933454e+04
1.917848959035703592e+04
1.583561434738570279e+04
3.808367338835482224e+04
1.812766341369476868e+04
2.068944684680027422e+04
2.087800984891836197e+04
9.487405569629927413e+03
1.929621503573456357e+04
1.329045518165832618e+04
1.351484577441157489e+04
4.490486587835018872e+04
1.685555501475113851e+04
1.373025675686605427e+04
4.080311294205574814e+04
1.423997111828717243e+04
3.263339420748860357e+04
1.618131440452310380e+04
3.554643573430946191e+01
7.377518265690894623e+03
2.007749977884176769e+04
7.844003072594617151e+03
2.487387231104223247e+04
1.379788125571060300e+04
2.810056281568424674e+04
1.960966111745518901e+03
1.665112484400157700e+04
1.570035003235145086e+04
1.478310700660646216e+04
7.260883175573090739e+03
1.999947108117236712e+04
1.749527069187730740e+04
2.244406242813384597e+04
2.239002953373119817e+04
1.735329318231399884e+04
2.429406545562553219e+04
1.685605394694834831e+04
5.200198669137426623e+04
1.114816500251384423e+04
3.428528648123855965e+04
1.978221429341359908e+04
1.518920455581742863e+04
2.212048293952309541e+04
2.105456336223949256e+04
1.244595588324010168e+04
1.348528670616672207e+04
2.939828060987509525e+04
9.746079723542907232e+03
2.242418121927084940e+04
1.314421782537943182e+04
6.872011215364576856e+03
2.213237393685052666e+04
2.786583005160938455e+02
5.508841207253911853e+04
1.809694791492811055e+04
1.624015581825398840e+04
1.734015049241618181e+04
2.143986938894508057e+04
1.349990217976369240e+04
3.552509849745639076e+04
1.547083610661825514e+04
1.432216654514582660e+04
1.387124870176753575e+04
3.252700640705569094e+04
1.005202296566595214e+04
1.263803975937343057e+04
1.638944649465637849e+04
6.470563910393393598e+04
1.469796524909370964e+04
8.548247132607384628e+03
1.521560339861510693e+04
1.335822017219148984e+04
1.360675926141918353e+04
2.035888548892103427e+04
1.014366764898318070e+04
1.634535403549364673e+04
5.071367987648205599e+04
1.232665322306107009e+04
1.486826868691360062e+02
2.034701276279268495e+04
2.026911616194353701e+04
1.433958936212198569e+04
1.367801183055467664e+04
1.525594320892539872e+04
1.350756940952622790e+04
1.462043607721039734e+04
2.074007888609213478e+04
1.570088418408546204e+04
2.175383951362757387e+02
2.164834079931905580e+04
2.065017592911713291e+04
2.295687809432194263e+04
1.578637372088061602e+04
1.661255346865452157e+04
1.540458303087986678e+04
1.761300754358677659e+04
1.534785946059416710e+04
1.470784121669716478e+04
1.783995584285710356e+04
1.932686979498749133e+04
2.440206785460732135e+04
1.519470202681633964e+04
2.257044897505002882e+04
1.443315458580291875e+02
1.641883626598241608e+04
1.663419801931901748e+04
9.603703880359033064e+03
1.541540160799339174e+04
1.362946837119930206e+04
9.649521774915447168e+03
2.700206016383035239e+04
1.625617460391761779e+04
9.387497776228718067e+03
1.520342197307544666e+04
1.012082732924425218e+05
1.548739519251771890e+04
1.799931671810383341e+04
1.447985957949785370e+04
1.291068949053697725e+04
1.461284826562759918e+04
1.800600267886349320e+04
1.673089497564089834e+04
1.447370099316838605e+04
1.861928768469020360e+04
3.061525548876648099e+04
1.233176610187498954e+04
2.164752598846701949e+04
2.475704273281665519e+04
1.446869347331015160e+04
4.977778933827939909e+03
3.256818586836282338e+04
3.182118222058118408e+04
2.079064199015694248e+04
1.138312249497026642e+04
1.166820242258194776e+04
1.550910585526955765e+04
2.106543918989047233e+04
3.014123890513235892e+04
9.418495659667614746e+03
2.531603565348955090e+04
2.013997457905607735e+04
1.503389828228344777e+04
2.141213704173844235e+04
1.837097045337780219e+04
1.860037890918408084e+04
5.298260714202519921e+03
2.811147434161930505e+04
2.129615660972168916e+04
5.454956689998921502e+04
1.932519416695532345e+04
1.263460280090372908e+04
1.325182999589491374e+04
1.528161904644895912e+04
1.971429641649359837e+04
1.149139613545161228e+04
5.083743152596450091e+04
4.640540120673617639e+04
2.005560166269080946e+04
7.380924128556141113e+03
1.775278260586665419e+04
1.453905651037388452e+04
1.345213120259617062e+04
1.535023581233022014e+04
1.983305782611332324e+04
4.646691206217629224e+04
1.876895376860666875e+04
5.181276369130955572e+04
3.535960309553548723e+04
1.534373606460073097e+04
4.660576175333208812e+04
2.300893110260774483e+04
2.125969921483863072e+04
2.107096612175891278e+04
2.915104660974088983e+04
1.980584410750668394e+04
1.548243295609085908e+04
2.099697592383972005e+04
1.733990826160059805e+04
1.346412891745139677e+04
1.458540281397572653e+04
3.567192735184451158e+04
7.596184538360334045e+03
1.547009567834909831e+04
1.238147934695397998e+04
2.135981601300200782e+04
1.467882572291218457e+04
1.507363421030170866e+04
1.436558558900857861e+04
2.126329279973608573e+04
1.335441083507490839e+04
7.896546292482882563e+04
1.540155526016970362e+04
1.467957332177257013e+04
1.506642539122029484e+04
2.321150422517398692e+04
5.135436360626842361e+04
2.628965627988538472e+04
1.799126834764298110e+04
1.644794514350405734e+04
1.318479750695616531e+04
1.900777939513379533e+04
2.058393591570729768e+04
2.075934736492814409e+04
1.661583657368052809e+04
2.742451333790062927e+04
2.175054448130500532e+04
1.602237735681004960e+04
1.149731959125464891e+04
1.050639304052761872e+04
1.816049634551178315e+04
3.200932675343353185e+04
1.355741987245771634e+04
1.335604969933036045e+04
1.727634787905972917e+04
3.494580772089929087e+04
1.214134593160336408e+04
1.525112237433543487e+04
2.141907774656089168e+04
2.122045228280898300e+04
2.163937515455847461e+04
2.203210129887375297e+04
1.352650726373054931e+04
1.987734159707001891e+04
1.669988050730522446e+04
1.448476634146138895e+04
2.051122152527721482e+04
2.108031629513281223e+04
9.400264325590713270e+03
1.463652970814475884e+04
2.022619141925754593e+04
1.441546512855362926e+04
1.205455817802712590e+04
1.619431974864987933e+04
1.239778257180784493e+02
2.889680159519871813e+04
2.242228429719750784e+04
2.382569391223283674e+04
2.153865370277166221e+04
6.774772979803114140e+03
1.645587523106258232e+04
1.183959389209480469e+04
1.513675690082624715e+04
1.640232016883853794e+04
1.622359676113607202e+04
1.357300337144711011e+04
1.859453581002875217e+04
1.293710771146625848e+04
2.126648478247684398e+04
2.169981642208060657e+04
1.292934669772505913e+04
1.924354843957306366e+04
5.231627188626163115e+04
6.667686506450646266e+04
1.865308993687019756e+04
1.927675339065986918e+04
1.725285856621025960e+04
2.184274420533223747e+04
1.557339197827419048e+04
1.527932748847748553e+04
2.123802590258761484e+04
2.494725932823012897e+02
2.189955359128135751e+04
2.158092822070566035e+04
1.931855022373105021e+04
1.400835451524022392e+04
1.966461007105480894e+04
2.386757399717473527e+04
2.013350468956748227e+04
1.641004419665922978e+04
2.142720469663208132e+04
3.758356720593527280e+04
-1.692248388021025818e+01
1.533342940950425327e+04
1.450808815766088810e+04
1.560204223706056291e+04
1.621896861652995176e+04
1.492022018816845230e+04
1.532632887693267003e+04
1.428637193900794955e+04
5.613972925681543711e+04
9.567988552080449153e+03
1.419449367191604870e+04
1.433043440560320232e+04
5.030427032485139534e+03
3.040737695255964354e+04
1.622980685128787445e+04
2.027441964330483461e+04
1.544887761515399507e+04
1.384851711300214811e+04
8.761124669678563805e+03
8.345718656723252934e+03
1.435810270787062109e+04
1.061993719860712190e+04
1.398962251430571814e+04
2.065908966489873637e+04
2.236627251141291345e+04
1.663189382600719910e+04
1.353473892608532151e+04
1.869009786052451818e+04
1.064706684862604561e+04
1.363313143522549944e+04
1.639918506903154412e+04
1.903751532077121010e+04
1.051046346001022175e+04
1.580447685915757575e+04
1.421632833397704417e+04
1.909574453215912217e+04
1.333526188292947336e+04
1.555521028919746459e+04
1.460487144585553870e+04
2.763745995899637637e+04
2.052400115870930506e+02
1.820438303122962679e+04
1.818001067180085374e+04
1.428838899431683421e+04
1.767050920973121902e+04
2.882064749498887613e+04
1.327948253964328615e+04
1.010291584298406451e+04
3.296727751026621263e+04
6.694672196356345921e+03
1.841456968467639308e+04
3.419684361403993535e+04
1.230337073492483250e+04
1.664616693549346019e+04
1.711037512376136874e+04
2.140768946783639694e+04
1.806982486197018079e+04
1.348661103202655249e+04
1.656629756713700772e+04
5.525972031156663434e+04
1.168091580841244468e+04
6.806570755970026767e+03
1.327699594021369012e+04
2.281075143448965537e+04
1.352621408377596708e+04
2.601721343335493088e+02
1.879799183000384073e+04
2.901354632618650430e+04
9.536247217269026805e+03
4.637586414442235400e+04
1.444132550272441222e+04
1.437851388745676195e+04
1.101996251308183128e+04
1.814145772357260648e+04
1.478271805272492747e+04
5.345528519154158431e+01
2.523386798235208346e+02
1.109073438098288352e+04
2.890124896378834092e+04
2.145511404483269871e+04
1.411130863103078264e+04
2.025959653024480940e+04
-2.400521074021416013e+00
3.229825225947207582e+04
1.601651296087997252e+04
1.557407404851581668e+04
1.465415924522163732e+04
1.439380787037498339e+04
1.975745762677157836e+04
1.657139260616008687e+04
1.585057458179839887e+04
1.594041627998348122e+04
1.055856790995921415e+02
1.669183811060781954e+04
1.491546883025423995e+04
1.412142222157086508e+04
3.057899958756905471e+04
1.749686813190682733e+04
1.444715491425440086e+04
8.543745234151050681e+03
1.210124518121168876e+04
1.730699699491086358e+04
9.438841779728695110e+04
3.283908966601543943e+04
1.458023937379203198e+04
3.343430506856249849e+04
1.123763767958016979e+04
1.260848099833480956e+04
1.541181362383993292e+04
1.331773294380503830e+04
1.715612300977003906e+04
1.710172307195895337e+04
2.210126366683509147e+01
1.421108904731872099e+04
2.413570437730854974e+04
1.068579180773239750e+04
1.398854770497571371e+04
1.863791040792081185e+04
1.430610620643330913e+04
1.056979470329329706e+04
1.525107622310463012e+04
1.729509200971362588e+04
1.321427426970803208e+04
2.271324079399653056e+04
1.610664236581939440e+04
1.461004650444863910e+04
1.651500033618643647e+04
1.604374087160565068e+04
1.494795678293055607e+04
2.105710574432244175e+04
1.770772697727985724e+04
1.298285968142066486e+04
4.638014056700310903e+04
2.155579053577786544e+04
1.759154334001577445e+04
2.076774076856843021e+04
1.718568562667748847e+04
1.476902314232035496e+04
1.351787171307835524e+04
1.789408274508220711e+04
1.130290241122130828e+04
1.617613206036889278e+04
1.605329571548505191e+04
6.937015706179309927e+04
1.556996889411173652e+04
1.746611558217568017e+04
2.123471746730861196e+04
1.114331176730495463e+04
1.297872415438900498e+04
3.245264779794554124e+04
6.433712057606058079e+04
1.811596888606686116e+04
1.519184465927326528e+04
3.329532324560594861e+04
3.185636934125089465e+04
9.469822800845526217e+03
1.237927693850798096e+04
1.561264614252060164e+04
5.928624838356738991e+01
1.335130770952991588e+04
1.142306006110842827e+04
9.997189870170906943e+03
1.849295895885604114e+04
3.338871521152033529e+04
1.735915941529392876e+04
1.859462691850206829e+04
1.518603687352835732e+04
3.203411677751200841e+04
1.786410349487455096e+04
1.813568620397853374e+04
3.116755362560258072e+04
4.955104189903139195e+04
1.536341810857042037e+04
1.500008981022598527e+04
1.125343082799116019e+04
1.230547370533698995e+04
1.275470750963463070e+04
1.160928059205344107e+04
1.539694418558236430e+04
1.256427332810631924e+04
8.214451102891184564e+04
4.599616929625184275e+04
2.261809391155006597e+04
1.295912752955446740e+04
1.364278603770590053e+04
2.027463328560692389e+04
1.451641213670441175e+04
1.530563581744027215e+04
2.110976554625255085e+04
1.416881927641043330e+04
1.548527737831794548e+04
1.813152404175814445e+04
1.828507285165580106e+04
2.233249970133907846e+04
1.443041003827277200e+04
2.094997204877080367e+04
1.448080029056239982e+04
1.221451105743561129e+04
2.874207243313712752e+04
1.596151654103914734e+04
1.965074286568638126e+04
9.409270945583441062e+04
4.632739701124778367e+04
1.934608672040382953e+04
1.566426955549813829e+04
8.604039652702483920e+01
5.909102919444908184e+04
2.117674471156431537e+04
1.249184120153481126e+04
1.785927064689653344e+04
1.229177382062658035e+04
1.567910011526820017e+04
1.634599821015079397e+04
1.741376627548296892e+04
1.545948071467626141e+04
1.724288642417752999e+04
1.738935828676832898e+04
1.262311003305767190e+04
1.731692025900368390e+04
1.220062047502679525e+04
7.073452676192709077e+03
1.035737038472751976e+02
1.276782426862792272e+04
1.987168294549255370e+04
2.111075068568473216e+04
1.585873474402201100e+04
1.384555434169045293e+04
1.061602142759311209e+04
1.292742570090561276e+04
1.358382973510982993e+04
1.644278250040809507e+04
2.718212198329976673e+04
1.325560079815926838e+04
1.234973525017439351e+04
1.929700815157491525e+04
6.732853180249928300e+03
1.482922375408246808e+04
2.626645278555563345e+04
2.630120287895211959e+02
2.918794698530466485e+04
1.280736721625772952e+04
1.571662739488289299e+04
1.528109097523685705e+04
2.479206722603025628e+04
1.855092456472793856e+04
1.334067173716660363e+04
2.366435938348776108e+04
1.764169310400892573e+04
1.598290345287537639e+04
2.841662490186912692e+04
-1.270727734510335694e+01
1.750052945152384200e+04
1.949241171982114975e+04
1.327209404875085966e+04
1.233696908513398921e+04
2.258285809040031018e+04
1.680098080448315523e+04
3.380255886116712645e+04
5.141670040999228513e+04
7.196367941106656508e+04
1.772429458142825388e+04
1.446069259741450514e+04
2.277831853657386091e+04
4.932221172631147783e+04
1.649280683632322689e+04
9.534957083011675422e+03
1.553498083646272971e+04
2.301193639827214793e+04
8.925665834780693331e+03
2.009700341457523245e+04
1.514749079502350105e+04
1.506340965598116600e+04
1.060260781914168365e+04
4.033097304379876732e+04
1.429180527201069162e+04
5.341161837903455307e+03
1.563647720615638173e+04
2.453381228836249647e+04
1.614477015979222779e+04
1.249587130345028709e+04
1.607835742595097872e+04
2.105915567188103159e+04
2.186198646382000879e+04
2.208204305513112558e+04
1.052073921628033588e+02
3.645758558973904292e+04
1.651248421346832038e+04
1.485268253922417716e+04
1.521748534121612647e+04
1.242728140536143110e+04
1.667082975991217245e+04
1.406395547899224766e+04
2.555957866883473616e+04
1.410827620597255918e+04
7.413030927831870031e+03
8.772567850635237119e+04
1.430958771022069777e+04
6.529096372631664963e+03
5.040933651741286303e+04
1.650165634389463958e+04
9.351549644609707684e+03
5.411616339974150469e+04
1.461300805620938627e+04
2.408539064294160926e+04
1.649612625706793187e+04
1.814822627053485121e+04
1.520090070519706205e+04
1.241782144256456377e+04
1.759061376142786344e+02
1.716446777232867316e+04
1.552446740146067532e+04
3.265541638536639584e+04
8.604587099269981991e+03
8.461791204354187357e+04
1.651666120933040656e+04
1.395594933259650134e+04
1.405402189033794639e+04
1.751720162345567587e+04
2.111881616982200285e+04
2.952622101730806753e+04
1.147224598510639589e+04
1.770631771514828870e+04
1.291667023242502364e+04
1.573084217193225777e+04
1.899972520613393863e+04
2.688781773387814974e+04
1.448202512308502628e+04
1.560678970965845656e+04
1.640060527627642296e+04
1.451116438347915937e+04
1.456918909721350974e+04
1.767428645125835828e+04
1.237262734557718977e+04
1.666996328598991749e+04
7.667186441727576494e+03
2.419221972441524485e+04
1.724116257123499599e+04
1.930001343500562507e+04
1.524053848039695549e+04
1.039064658027338191e+04
1.304838523029906901e+04
2.382046346480925058e+04
1.844051815061591333e+04
1.672841587447155689e+04
1.080967133273995751e+04
2.170666967579914126e+04
1.664809424168709302e+04
9.933954718947337824e+03
1.094807564583128260e+04
1.967601296167273904e+04
2.685728097335762141e+04
1.429734614655264340e+04
2.135831483871015007e+04
1.559346596977208537e+04
2.116121498872278153e+02
2.049396136992756965e+02
3.973844355705619819e+04
1.193691875145816630e+04
3.252567704147934273e+04
2.914362373313814169e+04
2.146593796090671458e+04
1.531290975714000524e+04
1.166223302964449795e+04
2.824823419908401047e+04
1.259396488644537749e+04
1.334275260813540081e+04
3.980068829444763833e+04
1.292291097837184498e+04
8.002112041099057024e+03
1.798632114327275121e+04
1.676636475019661520e+04
1.762220702158042332e+04
3.101089137377490260e+04
2.630228782886040426e+04
1.673464130804173328e+04
1.634389938066419563e+04
1.647166525190651009e+04
1.328772418031017332e+04
1.968133554353805084e+04
3.187461469301107718e+04
1.738831242737557113e+04
1.358310114778428033e+04
3.827029355101029796e+04
1.615099735150446759e+04
1.150583163345348936e+00
5.223128560462481983e+04
1.511440343024624053e+04
1.597150698427247698e+04
1.458453310611410234e+04
1.515394317376263643e+04
1.488006406888097081e+04
3.674821153941026569e+04
1.108849555100709404e+04
1.539876735412343078e+04
1.982008650743632825e+04
1.329540399239574072e+04
1.779120782112803136e+04
1.459116778884526320e+04
1.788911293570922498e+04
3.283652012309421843e+04
1.846100202110390455e+04
1.518113971570556350e+04
1.464417943427309001e+04
1.703740235804355905e+02
2.400916829332264751e+04
1.258989246232359801e+04
1.621613220125703992e+04
9.405468838125538241e+03
1.563028006724388251e+04
1.938227941170896156e+04
1.348866883806471014e+04
5.282625684469014232e+04
9.445008924146261052e+03
2.447014356207071251e+04
1.430646288875921709e+04
3.788635616118743928e+04
1.629631443917889374e+04
1.469281409993152010e+04
1.455787364835697554e+04
3.204994051007888629e+04
1.875994853866304402e+04
1.440672601880683760e+04
1.542062287418265623e+04
3.450074532838244340e+04
1.336453567977202329e+04
2.079711135921036112e+04
1.641748204939860443e+04
1.467094676020519364e+04
2.048274656753005547e+04
1.581703171385242968e+04
2.413961020561918849e+04
5.382621092218258855e+04
1.536115837428783743e+04
1.519197354024368542e+04
1.506654154885566459e+04
1.440738665217456219e+04
1.545192490950147658e+04
2.756734239113013246e+04
1.466868915598641433e+04
1.452761602254572244e+04
1.567078374775594057e+04
1.439670132357009970e+04
1.518316250122826568e+04
1.353622291225559638e+04
1.138434678735538000e+04
1.339456420090309905e+02
1.876469392766567762e+04
1.245506013955185153e+04
2.388423150010162863e+04
1.417300354688025618e+04
1.407357620665963987e+04
4.946268201714547467e+04
1.831622790690588590e+04
3.202016568478213230e+04
1.554153349708178939e+04
1.421510262446400702e+04
1.428276566206264579e+04
1.636404906974019286e+04
1.375176287529246292e+04
1.187269692362847309e+04
1.731648729322874351e+04
1.981218527654042919e+04
2.895396845060485066e+04
2.129314694238411175e+04
1.360923774514972320e+04
2.808593568910525210e+04
9.534615981187394937e+03
1.799353308474323754e+01
1.314008139109617696e+04
1.876589264339156580e+04
1.759719028418654852e+04
2.013087762996266974e+04
2.153964171412583892e+04
1.856498906943139446e+04
9.442744944626292636e+03
1.491182557763165823e+04
1.235241728643962051e+04
1.637979814073605485e+04
1.076993484523205188e+04
2.053430332646451643e+04
1.737934800683175854e+04
1.547898757885927262e+04
1.444886269731794528e+04
1.333798866358671330e+04
1.381563910399916676e+04
4.613982619558266015e+04
1.535873275560182265e+04
3.216705927256902578e+04
1.520538684900357839e+04
1.824845859980766909e+04
1.340741012977902210e+04
1.505873831825567504e+04
2.071954194282096796e+04
1.480954555834986058e+04
1.753565456230699419e+04
3.211706485872915800e+04
2.535513648963802552e+04
1.134223168213615463e+04
1.581937027652754296e+04
5.198434269446105463e+04
1.529803951569697892e+04
1.990352920013941912e+04
2.215568632750073084e+04
1.774921826934208730e+04
1.848223874895385961e+04
1.153839074105566760e+04
1.442248958304980442e+04
1.095625147775565347e+04
2.412816055383322964e+04
1.862399573059387308e+02
9.843197610688353961e+03
5.586199460377459764e+04
3.792419666096387664e+04
2.312644396050141586e+04
6.660994889139823499e+04
7.437904477428653081e+03
2.118551042362162843e+04
1.355868340029000137e+04
4.627107226546632592e+04
1.282513224627168893e+04
1.920519777850099126e+04
8.158881736321646895e+04
3.139429687967525388e+04
1.456989174830107731e+04
1.522510940079448665e+04
1.534406275501265009e+04
1.266667938154048534e+04
1.703073913586968411e+04
7.838246261637825228e+04
2.103120290173238755e+04
1.447860688979723091e+04
1.882155144680067315e+04
2.063160708998804330e+04
1.639446981788245830e+04
1.356668287119646993e+04
2.998577638690069944e+04
1.280789197276201108e+01
7.234257699686588603e+04
1.138576415886202631e+04
1.819612769742620003e+04
1.524073998694945476e+04
9.081430159814801300e+03
8.580902525630473974e+03
8.928758552505341868e+03
2.130989714578391431e+04
2.046259392961563208e+04
1.580083400928139599e+04
1.453017998970040753e+04
1.298072428845154900e+04
1.723546239680338476e+04
1.804565520530705908e+04
1.569840732620909876e+04
1.186712145615091686e+04
1.748874451498808776e+04
1.559308786133891226e+04
2.680891315469439360e+04
2.111661959206674146e+04
5.406962387993559969e+04
1.332567664883601174e+04
1.221193570334172546e+04
8.530920248553873535e+03
1.202395761470406433e+04
1.606518384202138986e+04
1.459386661839986846e+04
3.179805219382877476e+04
2.101417450246511726e+04
2.028122252604019013e+04
2.255758367446570992e+04
1.063045478565306803e+04
1.421662219493189150e+04
1.613685637028840210e+04
2.198132377692926821e+04
8.788656090897535250e+03
1.330093009279331091e+04
1.772141383049575961e+04
1.542616850408351274e+04
4.690435451798937720e+04
4.320640413530827209e+04
1.543748667023009875e+04
-3.769836252586863878e+01
1.719133778768756747e+04
1.709913406658874374e+04
1.824530485348393995e+04
-7.578958844066593770e+01
1.140440920558629477e+04
1.484571562780389468e+04
1.895890719718141190e+04
1.537740657000424471e+04
1.412445468551128761e+04
3.128526254671419156e+04
5.357646480784428422e+04
1.033426151087028848e+04
2.005651094825237669e+04
1.435525857892914792e+04
1.338551520809684007e+04
1.548250766741580264e+04
5.135532348710863153e+04
3.410060347980742517e+04
2.226763524611955290e+04
1.019937216966476444e+04
1.856648918919225980e+04
3.598054830372767901e+04
8.872354808857638272e+04
1.419292630831301722e+04
1.412082034471143015e+04
2.169333730466947964e+04
1.370352875303156361e+04
1.138784826808331673e+04
1.641004097493525478e+04
1.316546259247666603e+04
2.474587947159743635e+04
3.460593430088362948e+04
1.513932729648216446e+04
1.598689947797777131e+04
1.690886134304838561e+04
1.369365968080011407e+04
2.212493571859193617e+04
3.535096702075788198e+04
7.049121320402492711e+04
1.326703878816431825e+04
1.750675528686090183e+04
2.210977085019887818e+04
3.239380972592558101e+04
1.830323551334187505e+04
1.666794424585562956e+04
1.431970260928726566e+04
3.875712096420680155e+03
1.502672386920410827e+04
1.333097059534381333e+04
2.051522770920617404e+04
2.849623496496325242e+04
1.345296389138396080e+04
1.235744029998137194e+04
1.443916172681661556e+04
5.112798194035756023e+04
1.595484952603800048e+04
1.393428532354224080e+04
1.631548570617807309e+04
1.283200074819077054e+04
1.414766541055794733e+04
1.610102425847926497e+04
2.404986446225297186e+04
1.563800119120796990e+04
2.179685432227326964e+04
1.613095096363313860e+04
1.344717357047220867e+04
1.301194637450799746e+04
1.781377984677223503e+04
6.969469230109023920e+04
2.607497789060948890e+02
2.030404844097833120e+04
1.793702037524153639e+04
1.578223703640739768e+04
1.468987448287325788e+04
1.421749013371554247e+04
1.183831830298609566e+04
4.158964144390267029e+04
1.731897245252707216e+04
5.103054507561030186e+04
1.548795457782250014e+04
3.826389145860888675e+04
2.126965310636928916e+04
1.726583379749573942e+04
1.136379315781296100e+04
1.420014549037801407e+04
1.242995046300132162e+04
1.834597124305789475e+04
1.694042366617500738e+04
1.471417217084926051e+04
1.554569773717967291e+04
8.349703855280310449e+00
1.323187294210023174e+04
6.642898143778616031e+03
1.192493418042548001e+04
1.324860586294312088e+04
7.568722503039027288e+03
1.536826391477482139e+04
1.512955972933340854e+04
1.241367396591942270e+04
1.557022978582003634e+04
1.229958083986512611e+04
2.032943003806089837e+04
1.597337020342029427e+04
1.815948050835970935e+04
1.662222298009189035e+04
5.645356425894915446e+03
1.426231724986688278e+04
1.152354640295972814e+02
1.297105946313560707e+04
1.941457604257795902e+04
1.640199796350477482e+04
1.453597002498366055e+04
1.399682712950824498e+04
1.006885034639738878e+05
1.573626324879869935e+04
1.579773661853650265e+04
1.355695611015379473e+04
1.514651185812436597e+04
1.829645393662398783e+04
1.863226704052615241e+04
1.568206338091572252e+04
1.513891162548171815e+04
4.677326902508824423e+04
1.753281254358592560e+04
1.537654221580575359e+04
1.420040113615618793e+04
1.409028044043641603e+04
2.144736921686431742e+04
1.504950476411132513e+04
1.556690563105178808e+04
2.000215996736072339e+04
2.245585849030959798e+04
2.116865987064835645e+04
1.527297839752403161e+04
1.238147737819378381e+04
1.825906423901927701e+04
1.843389224285683304e+04
1.609615418630198474e+04
1.508642155896021723e+04
1.504659227845033820e+04
1.418447140891201161e+04
2.308336299135803529e+02
1.056994583011786381e+04
1.665975835843218010e+04
1.628057381747810905e+04
3.323249353803989652e+04
1.736688019502623138e+04
4.273695183602446690e+01
1.616809748386980937e+04
1.152842598210302640e+04
2.211020881867355638e+04
1.414230113401323979e+04
1.680469242306019805e+04
1.659962138989308005e+04
2.085156396144262544e+04
1.367403369221027424e+04
1.624068246675084629e+04
-2.289608547045119380e+01
1.727208495526499610e+04
1.069441877730167762e+05
1.424221169886699499e+04
2.132942028879193094e+04
1.143732837802513313e+04
1.395310647994186002e+04
1.474094594185969981e+04
1.982745483122251608e+04
1.505983519593370511e+04
7.378950521159063669e+01
2.247734374456816295e+04
1.620866112882148991e+04
8.759837741132666997e+04
1.327090046004209216e+04
8.368731711796330274e+03
1.008247714757421090e+04
5.389211500023398548e+04
1.572009830530340696e+04
1.506248115397944457e+04
1.432672619154242420e+04
1.821891097632184756e+04
1.507458089960903271e+04
3.089724171832381398e+04
1.816351327406775090e+04
1.013061536066337067e+04
2.051396491074885489e+04
1.526557519576952654e+04
1.830575867806999668e+04
1.582094148409698937e+04
2.022987101420893623e+02
1.462664225901769532e+04
2.202585145243764782e+04
2.074244334092133795e+04
1.624960620975759593e+04
2.123409944336313129e+04
5.130075875337028992e+04
1.219914425476679571e+04
2.076860833311178430e+04
1.913048642118905263e+04
1.456247104209968893e+04
2.284605784428395054e+04
2.262801626388556542e+04
2.025872118848948230e+04
1.213833404821134536e+04
3.231564334819955184e+04
1.392137742931990579e+04
2.855449836784929721e+04
3.586578724019779474e+04
5.211500843806165904e+03
1.554758884533941091e+04
1.515813436615787759e+04
2.761745240780075983e+04
1.045807050807957421e+04
1.997328541792167016e+04
1.531397880133325816e+04
1.311282364170320216e+04
2.040856028797525505e+04
1.510513059334826539e+04
1.364283916472066994e+04
1.868984160777842408e+04
5.202251320960929348e+01
1.436545611839866797e+04
5.774002971963467644e+03
7.840209794419559330e+03
3.661356717599579861e+04
3.292058164688561374e+04
1.129059099505850099e+04
2.014253269212119267e+04
1.814685075197262995e+04
1.952080862661944411e+04
1.607020629893496516e+04
9.667292785205243490e+03
1.431494999343418931e+04
2.045833467340397692e+04
1.625689395625230100e+04
2.052540581490807745e+04
1.969446833035202508e+04
1.606012693432301785e+04
1.506380008663659464e+04
1.798122856544812385e+04
2.154861643520832877e+04
1.446482574149699576e+04
1.328528837423631376e+04
2.971746497932195052e+04
1.392075248995889706e+04
2.042901028365732782e+04
1.992030170832944350e+04
1.859989402471422727e+04
2.475018447064815700e+04
5.068910478793315997e+04
9.394881743037509295e+03
1.963361796493076690e+04
-4.877628398865994641e-01
6.672038702196579834e+04
1.561934621828893614e+04
1.454372165977152872e+04
1.068419128946338969e+04
1.284502409868764335e+04
3.369784093654654134e+04
1.438180091209224520e+04
1.295982769671842834e+04
3.710467384647353902e+04
1.356917821664831536e+04
4.664814609763160843e+04
1.966303972413457450e+04
1.600398956747037857e+02
1.834344300278604351e+04
3.151396418601011007e+01
2.290035471493647492e+02
1.338851933854187700e+04
1.455746238548761721e+04
1.274784747485764638e+04
1.560093630302076417e+04
8.407063860687276247e+03
2.216592010793429654e+04
1.142178565305621669e+04
3.226781346609865068e+04
1.452046606309368872e+04
2.072886456242088752e+04
1.680020543925859602e+04
1.805963503598889656e+04
1.445002273354696081e+04
-5.814294590268488605e+00
2.086117268000240438e+04
1.450548834459200589e+04
1.874195933462787070e+04
1.178690971766321667e+02
1.562234224582510979e+04
5.355553825764927024e+04
1.346923960810783501e+04
3.647278666324296501e+04
1.071193131045500559e+04
3.191246221612693989e+04
1.565819091128420769e+04
1.381036147881535726e+04
1.832999426990405118e+04
9.481275511944921163e+03
1.739850896744069178e+04
1.614611999246658524e+04
5.118098168439238361e+04
2.013823188723612475e+04
1.439039855836410243e+04
2.970287654902505892e+04
5.325545337378565455e+04
2.196944940679578940e+04
1.503919399045864520e+04
1.333579849668672978e+04
1.605074655984519814e+04
1.327641948827358647e+04
1.790129701838971596e+04
1.243874087874576071e+04
-1.256869491047614318e+01
5.488002180195127949e+03
1.428611402333291699e+04
1.872473607335278211e+04
3.736264312857507321e+03
5.482863673508627835e+04
1.727036119303050509e+04
1.111297454125284457e+04
4.336959389983514484e+03
1.014834243614486695e+04
2.024343842626421610e+04
6.121143873656824326e+03
1.797293690472360322e+04
3.151186807017866886e+04
1.336372550829038300e+04
4.646133802827653562e+04
